iteration: 1
result: 1023.4475
    0.0051   15.0396   13.9971

    15

iteration: 2
result: 1106.3772
    0.0387   16.1396   50.8731

        1693

iteration: 3
result: 1271.6993
    0.0914   17.0591  163.6428

   213

iteration: 4
result: 1331.886
    0.2655   14.9952  205.5179

        1875

iteration: 5
result: 1334.9673
    0.0008   20.9397  136.3403

   177

iteration: 6
result: 1499.2523
    0.0563   19.6694  318.5732

        1622

iteration: 7
result: 1094.5435
    0.0679   16.2226   22.5547

   160

iteration: 8
result: 1130.8884
    0.1287   16.6778   17.8307

   593

iteration: 9
result: 1311.948
    0.0303   14.8149  293.1108

   533

iteration: 10
result: 1489.6842
    0.0258   22.4788  216.8634

        1209

iteration: 11
result: 1182.7934
    0.1150   18.1566   28.2266

        1074

iteration: 12
result: 1325.5657
    0.2916   14.8232  191.8509

   729

iteration: 13
result: 1331.583
    0.1148   14.7163  274.4235

        1179

iteration: 14
result: 1118.7955
    0.0562   14.9370   84.9262

        1337

iteration: 15
result: 1170.0539
    0.0598   18.0855   43.2929

   243

iteration: 16
result: 1270.2293
    0.0656   15.2203  225.7201

   188

iteration: 17
result: 1071.688
    0.0413   15.4177   34.2120

        1318

iteration: 18
result: 1156.7418
    0.2918   14.9403   20.7426

   954

iteration: 19
result: 1401.8346
    0.9815   15.0679    1.8821

   997

iteration: 20
result: 1221.5497
    0.4046   15.0910   37.2607

   266

iteration: 21
result: 1290.6583
    0.0143   15.7176  259.4480

   901

iteration: 22
result: 1065.8764
    0.0183   15.8643   28.5734

        1340

iteration: 23
result: 1072.1836
    0.0196   16.3403   20.7076

    85

iteration: 24
result: 1215.8848
    0.1736   17.8243   46.8422

        1505

iteration: 25
result: 1115.4544
    0.0047   18.0277   19.1597

   430

iteration: 26
result: 1363.0019
    0.2088   18.7800  146.4047

   243

iteration: 27
result: 1313.035
    0.7113   14.9763   13.9432

        1735

iteration: 28
result: 1420.7315
    0.1539   16.2352  309.7077

   915

iteration: 29
result: 1199.4789
    0.0877   15.6453  134.1490

        1196

iteration: 30
result: 1242.497
    0.1086   20.2656   15.6609

        1733

iteration: 31
result: 1293.9822
    0.4346   17.1799   39.5952

   791

iteration: 32
result: 1252.2817
    0.0251   20.0653   72.6207

   467

iteration: 33
result: 1331.9793
    0.2843   17.9101  113.8327

        1288

iteration: 34
result: 1216.7935
    0.0498   20.3158   15.4432

        1915

iteration: 35
result: 1101.7152
    0.1457   15.7471    7.8000

   896

iteration: 36
result: 1385.8253
    0.0863   21.5210  121.3897

     1

iteration: 37
result: 1252.89
    0.4027   14.8631   73.9557

        1814

iteration: 38
result: 1163.0047
    0.3139   15.4766    5.7955

   931

iteration: 39
result: 1234.6127
    0.3248   17.7696    4.7045

   919

iteration: 40
result: 1224.515
    0.1837   17.6271   57.6410

        1677

iteration: 41
result: 1106.3012
    0.0255   17.6567   10.7763

        1871

iteration: 42
result: 1310.3886
    0.2083   15.4652  196.9760

        1874

iteration: 43
result: 1543.9555
    0.1771   18.1191  363.5577

        1609

iteration: 44
result: 1550.3835
    0.4310   18.0611  268.6177

        1257

iteration: 45
result: 1276.2009
    0.1415   18.2120  108.0471

        1488

iteration: 46
result: 1181.5966
    0.0907   18.0348   42.1191

        1555

iteration: 47
result: 1397.8938
    0.4309   20.7087   21.1661

        1756

iteration: 48
result: 1147.4513
    0.0419   15.1761  115.4016

   610

iteration: 49
result: 1129.633
    0.1581   15.1424   45.3311

   818

iteration: 50
result: 1362.2382
    0.1741   21.0680   76.4106

        1643

average result: 1252.1594        1032.76
minimum result: 1023.4475              1
maximum result: 1550.3835           1915
running time: 57.6583
>> 